0.0
0.0
0.0
0.0
0.0
0.0
0.0
0.0
0.0
0.0
0.0
0.0
0.0
0.0
0.0
0.0
0.0
0.0
2.0e-2
4.0e-2
1.0e-2
3.0e-2
3.0e-2
5.0e-2
8.0e-2
0.12
0.17
0.29
0.34
0.54
0.76
0.84
1.08
1.44
1.63
2.2
2.53
3.15
4.06
4.47
5.55
6.14
7.53
8.52
10.08
11.28
12.2
14.4
15.6
17.26
19.79
21.76
23.51
25.53
28.11
30.72
32.94
34.88
38.0
40.24
43.08
45.39
48.79
51.39
54.49
57.09
59.6
61.75
64.99
67.77
70.66
72.73
75.73
78.25
80.5
83.11
85.18
88.44
89.09
91.35
93.56
95.83
97.23
99.56
101.52
102.63
103.83
105.89
107.46
108.58
110.06
111.0
112.13
113.46
114.47
115.85
116.5
116.65
117.63
118.57
119.51
120.62
120.68
120.86
121.45
121.98
122.82
122.99
123.53
124.25
124.21
124.45
125.09
125.2
125.57
125.58
126.17
126.17
126.04
126.51
126.57
126.67
126.77
126.73
126.98
127.02
127.16
127.38
127.36
127.38
127.41
127.54
127.56
127.71
127.62
127.69
127.57
127.78
127.84
127.78
127.79
127.83
127.88
127.91
127.86
127.92
127.9
127.92
127.95
127.92
127.92
127.93
127.94
127.97
127.98
127.97
127.98
127.98
127.95
127.98
127.99
127.98
127.99
127.99
127.97
128.0
127.98
[0.0
0.0
0.0
0.0
0.0
0.0
0.0
0.0
0.0
0.0
0.0
0.0
0.0
0.0
0.0
0.0
0.0
0.0
0.0
0.0
0.0
0.0
0.0
0.0
0.0
0.0
0.0
0.0
0.0
0.0
0.0
0.0
0.0
0.0
0.0
0.0
0.0
0.0
0.0
0.0
0.0
0.0
0.0
0.0
0.0
0.0
0.0
0.0
0.0
0.0
0.0
0.0
0.0
0.0
0.0
0.0
0.0
0.0
0.0
0.0
0.0
0.0
0.0
0.0
0.0
0.0
0.0
0.0
0.0
0.0
0.0
0.0
0.0
0.0
0.0
0.0
0.0
0.0
0.0
0.0
0.0
0.0
0.0
0.0
0.0
0.0
0.0
0.0
0.0
0.0
0.0
0.0
0.0
0.0
0.0
0.0
0.0
0.0
0.0
0.0
0.0
0.0
0.0
0.0
0.0
0.0
0.0
0.0
0.0
0.0
0.0
0.0
0.0
0.0
0.0
0.0
0.0
0.0
0.0
0.0
0.0
0.0
0.0
0.0
0.0
0.0
0.0
0.0
0.0
0.0
0.0
0.0
0.0
0.0
0.0
0.0
0.0
0.0
0.0
0.0
0.0
0.0
0.0
0.0
0.0
0.0
0.0
0.0
0.0
0.0
0.0
0.0
0.0
0.0
0.0
0.0
0.0
0.0
0.0
0.0
0.0
0.0
0.0
0.0
0.0
0.0
0.0]
